Start sampling
Done sampling

Start KNN
[[1, 6.988780204173731], [5, 7.000073382049988], [10, 6.79191576769115], [20, 6.218499725990828], [30, 5.879947710887791], [40, 5.919201925578098], [50, 5.975739357968542], [60, 5.881818983088633], [70, 5.730632468615448], [80, 5.609554609914958], [90, 5.505435788171052], [100, 5.383422184310072], [150, 5.094985190125717], [200, 4.930050089115655], [250, 4.731547536936778], [300, 4.5217057640473275], [400, 4.2360188899015085], [500, 4.02167940897629]]

Start LR
[[0, 4.595599956085284], [1, 4.595599956085284], [2, 4.595599956085284], [3, 4.595599956085284], [4, 4.595599956085284]]

Start SVR
[[1e-06, 500, 3.603679993034871], [1e-06, 500, 3.5165192360563413], [1e-06, 500, 3.0913129880855412], [1e-06, 500, 2.4839087997844773], [1e-06, 500, 0.6317473376011595], [1e-06, 500, 0.13813967200337401], [1e-06, 500, 0.000212394969645475], [1e-06, 500, 0.000212394969645475], [1e-06, 500, 0.000212394969645475], [1e-05, 500, 3.603679993034871], [1e-05, 500, 3.516519039677516], [1e-05, 500, 3.0913120088889188], [1e-05, 500, 2.4839102927836496], [1e-05, 500, 0.6317481113276471], [1e-05, 500, 0.13814055776247003], [1e-05, 500, 0.0001951641239698964], [1e-05, 500, 0.0001951641239698964], [1e-05, 500, 0.0001951641239698964], [0.0001, 500, 3.603677633443229], [0.0001, 500, 3.5165170759024313], [0.0001, 500, 3.091315476065442], [0.0001, 500, 2.483907856014313], [0.0001, 500, 0.6317557429193428], [0.0001, 500, 0.13813843444977678], [0.0001, 500, 0.0002462815749000431], [0.0001, 500, 0.0002462815749000431], [0.0001, 500, 0.0002462815749000431], [0.001, 500, 3.603722616626771], [0.001, 500, 3.5164974394681825], [0.001, 500, 3.091216724981898], [0.001, 500, 2.4839078505005854], [0.001, 500, 0.6317626235698313], [0.001, 500, 0.13814588044251588], [0.001, 500, 0.0010186904468080283], [0.001, 500, 0.0010186904468080283], [0.001, 500, 0.0010186904468080283], [0.01, 500, 3.6038842486971703], [0.01, 500, 3.5165225339781285], [0.01, 500, 3.090611588994899], [0.01, 500, 2.483913498370038], [0.01, 500, 0.6318745295339069], [0.01, 500, 0.13849348902756917], [0.01, 500, 0.009967633864338667], [0.01, 500, 0.009967633864338667], [0.01, 500, 0.009967633864338667], [0.1, 500, 3.6033381785113803], [0.1, 500, 3.5169810788582594], [0.1, 500, 3.091110249947579], [0.1, 500, 2.4843301629064496], [0.1, 500, 0.6393707923700237], [0.1, 500, 0.1694793970725239], [0.1, 500, 0.09853138123228168], [0.1, 500, 0.09853138123228168], [0.1, 500, 0.09853138123228168], [0.2, 500, 3.6031732374983743], [0.2, 500, 3.516947960925872], [0.2, 500, 3.0934098288885634], [0.2, 500, 2.485309546141463], [0.2, 500, 0.660410950755359], [0.2, 500, 0.2376733332740291], [0.2, 500, 0.1943720770423919], [0.2, 500, 0.1943720770423919], [0.2, 500, 0.1943720770423919], [0.3, 500, 3.6030670075784466], [0.3, 500, 3.5182358655054253], [0.3, 500, 3.0917934054463196], [0.3, 500, 2.4870018995896506], [0.3, 500, 0.6925172998415647], [0.3, 500, 0.31872194517006974], [0.3, 500, 0.28831097185691035], [0.3, 500, 0.28831097185691035], [0.3, 500, 0.28831097185691035], [0.4, 500, 3.6031569574423563], [0.4, 500, 3.5173342660607125], [0.4, 500, 3.0966613623102877], [0.4, 500, 2.4893888164353806], [0.4, 500, 0.7341694263882619], [0.4, 500, 0.4037503264852725], [0.4, 500, 0.3805742466436665], [0.4, 500, 0.3805742466436665], [0.4, 500, 0.3805742466436665], [0.5, 500, 3.6032554442858418], [0.5, 500, 3.5178191899348317], [0.5, 500, 3.094374512930212], [0.5, 500, 2.4921181922341082], [0.5, 500, 0.7829884871531935], [0.5, 500, 0.49015896290266586], [0.5, 500, 0.471907361647257], [0.5, 500, 0.471907361647257], [0.5, 500, 0.471907361647257], [1, 500, 3.6040423162685093], [1, 500, 3.5214673244773396], [1, 500, 3.1072963672232654], [1, 500, 2.5121096668690375], [1, 500, 1.0891647598618093], [1, 500, 0.9111987852025377], [1, 500, 0.9035916661780168], [1, 500, 0.9035916661780168], [1, 500, 0.9035916661780168]]
best score:  0.0001951641239698964
